Ia = 215; 
frequence = 15000; 
Ri = 22.5; 
U = 48; 
E = U - Ri*Ia; 
n = 2592; 

